321505452280
240386735347
271579692263
271953035486
253677690087
253650572482
253608922358
253671937255
271551028472
271574904005
271551029441
271444072689
272034725084
272039309554
321453067509
246055719099
258781494510
258823843006
258741181634
306937386215
306553675998
271412106478
271373913325
271502408942
272039310525
272077806834
271425608911
271393055955
274740338913
274698725565
258823842005
258790217939
258598673654
274653756638
273922788552
321677033674
239529805042
316634696928
314876466425
274614657234
274641858784
317194560709
314866842822
256895669480
256950272235
260892908753
263456411836
272039229643
272034641083
258872460496
256195976384
271988936899
271951196393
269000136897
264093538496
271396674762
271393055956
246425462975
248464739522
311479457003
313201642724
247873872059
247036979428
258868655313
264524165309
261252617447
260946614481
296954941689
296027058416
260874802412
247908242648
271579576552
271984997591
314791580876
316645724398
247087419629
247127700702
256890695877
256893135095
317037810874
314876564671
272062718143
272080630981
262763855096
262793497825
247852429499
260654657775
271146368234
271081517255
321494346971
246063187148
271610790079
271993397486
260872911052
247911853290
314690278641
310509145298
319656012020
319452166381
247135925437
247087472876
260946614468
261248925906
274646230240
274641850599
260886832342
263460174040
271356665042
271452377298
271592613079
271578364113
272000745669
271579836661
271998916812
316482733251
317547101381
254109818049
257965136091
272017180912
272017180903
271382152421
271443421407
271445215475
262950011116
262885934306
280849542383
307625142508
315962113215
315560944880
283782142144
316470282452
277216631022
274614334659
274740696251
274715706589
274742147316
274740344057
248449377494
260880419041
163230578889
113338663106
260944249047
247252393194
271382152429
271398434027
271382152424
261090017491
260818505940
263030863072
263031042294
321453376744
240200809677
247884484853
250562794740
264848107726
277246984416
247162013922
247882164423
246371254486
248407245007
311273789627
289265444061
267506480327
265002201317
248407264499
246374550714
271940136184
271445126345
264098758868
263827667181
306939489485
222884489450
236075499747
297657622770
317226685638
314876561611
258851930336
256222772418
248603474127
260897947852
271929075907
271936362730
271929076955
260905022695
248591567093
271294640323
271310733556
259627296968
242813157615
267800319182
254322942141
272839960784
270358764739
251467197672
272871365879
271398430957
271500863690
271409824969
270570081529
270606067948
267892463823
267777671405
285647170804
299228439748
300664202450
300675143922
258106661062
248437828853
267907781861
267804611777
252951667919
252951629026
271372587214
271396876510
271358658770
271389090006
271368487115
248406577362
246374545612
262967876836
263026572537
291928187090
302929584373
262326694114
298623045880
309813039315
262280544490
269463763153
262883293391
253057593565
253608931534
262782935260
262958765245
264093312246
262365552845
272127771857
272186657000
262982066374
263031031017
205003869404
247828441303
317579772102
316482699493
274698770669
274711339239
261696597226
262727292102
262763332802
262949568753
314866878655
316484119791
247193833681
247226028234
261089981630
263501069543
267385320639
264842501313
252985741557
252944450769
247239164091
247226025174
316385539307
313311610051
260912985277
248333930724
262340514018
260056906995
240309360878
286867159246
274734949590
274742153412
272060113095
272019282123
270444922093
270771922137
246372065529
248406573245
258975628474
258253903081
258929205469
250566075639
247092269272
247127718106
271425642736
271425642744
272069606640
272026669261
272024800457
242976739528
253605741755
258247991515
269648857282
271989808362
271995203803
121772282099
121790395619
248342989011
258168552641
247563068622
252724224198
270419726535
257879860418
316584295626
314793133270
273843420389
273843781842
241182000348
246951520465
271964765424
272002622686
272004488411
271576275153
272004488425
271383819451
271412108493
271363597523
257868904677
257938048214
239593564383
321483288816
274651660491
274648084678
258863200472
258253903089
271234872560
271245818063
247134155971
247087459531
247906155764
247984918777
247901503701
253671941365
253057608946
258870475977
250526750952
271361661135
271363463403
292053538029
300880491725
264843224289
263030177992
272032361700
272032213202
252993081538
253380867281
272148719843
272084615357
260899878087
248605238487
264479226105
261332160703
250500858102
250677556456
261712702656
262753926345
272873145584
250693953759
247137337540
247088108778
272032570571
272032614616
271449479403
271599842492
250693953768
272865798364
247903311084
247981232334
247903267015
271409595632
271419977955
271500640467
320695437550
320702641382
292677402847
278179165382
260869106933
264890937579
272024711376
272069610723
240839673046
321780266195
270466221260
257940030712
271997042915
271998952683
240357834940
321780266198
253678934203
253471276267
272062538982
272032614615
304839627965
276514785514
314793103598
317226685639
247828493506
247828490479
320515127529
320545663166
262969658559
263026572525
257885491418
270276510940
271502409957
271419976919
271383818485
271358069946
271370279132
250536346870
258599196901
252899532011
253475038417
320695109870
241517707496
262915390670
262735567079
248510584038
270825340090
247134124252
247082596597
263943214282
267864692967
263026376919
262969658563
259975241918
252821573827
250970842321
250986794217
266889004224
264045809891
271358058736
271387288783
258868631760
256224462040
260929369303
263363455213
256999853281
256917811446
272756180166
254588032223
271294575858
271145858275
321809216751
240889729269
248453231827
246373590254
272032212201
272032212202
247103481051
247088072945
247131567348
247088083136
315249752284
311401473252
316636827874
293501167824
250522787025
250556721352
261252826330
263549080809
253073750215
239182129378
262155821243
262356006091
321754142954
241517672692
261254753528
298446105843
270562845892
270604228803
277175745775
322964927721
317600402667
316483468511
241174390007
246948251877
261711029483
262755908828
253673763038
253047175356
274715729133
271947466955
284608264395
298409031920
272062523597
272062523596
272839871702
250693953775
320775821522
307911273661
311052289239
316659893462
272094005496
272138770646
272096602349
272136976603
310929625304
316482715894
248741483755
248741478597
274489635059
297445374187
307219600613
310436407490
274733365467
274715609328
250553690360
250653377753
295150047461
295320564959
320722161863
278915321047
251528091862
250592964856
258464370900
260855248098
309817371891
323419710713
274690687181
274653760712
271398433002
271398432954
271443420355
271443734726
271365941460
271372665074
260533153990
247910689996
272019306701
272017264826
270738701519
248492214473
263452791026
263497764056
302440837310
309801206974
271409860823
271443456249
271448818903
272062270685
272021896390
271393058033
271356651742
271409852634
270775547070
270737618165
272024744147
272027544784
261097684185
264052226254
260897841353
247913386170
253612598502
253685630201
247948839126
247936529640
274700674258
274733313249
315376029902
311399445701
271425765624
271382361325
270779870449
270734018752
271501183173
271569187020
271410139369
271941933271
271938257115
253650576600
253677688046
274465043642
274707664099
247884217581
221942741215
314791566582
317008601316
271500640458
271372129497
271373915370
258482610411
260647460041
293940188400
307710749911
253444473035
271415680208
262120458463
246324103413
270739452117
270751625452
270749112514
276719313111
298515731677
270559501524
270611675341
256074782922
255952396532
252591086805
261457845454
321581616343
246055300330
253650569406
253677692125
298438093019
298584820938
189722137815
189722137791
272008862945
272050980048
272008862937
271381934296
271373919446
263484709068
263363860710
260160690364
260160691392
272080471278
272080620767
272039275757
272043609283
297452286157
297510706422
247661428963
249362051311
263452895452
260940721363
272017214678
272059842806
269704772833
257101801671
249363783899
247660867814
270566878456
270718603480
274738517213
274709465298
281564035290
303543094516
260531486936
260160689388
271610782915
271610782916
253586298087
321505241333
307710256374
322831529185
300802790601
309716202709
272093723859
272122202343
253680347331
262926424276
249354121438
247720905934
321623109857
253650559223
253587411172
253535993040
253380867260
252998587613
270718147829
270611472575
270559308024
270559308994
271617219784
321684309203
269704771815
257218730211
271611054270
272059772140
252898891971
252591190239
291901372639
284819460323
247657008325
249303934196
264305191127
264169428213
302655221972
315079742673
257216944324
257052989627
260905022663
248593906894
274616501434
274734918865
271524015303
271365653735
262945312976
253680346353
262740131061
262949569741
265103162565
242993371345
262194890951
246279537897
271576072434
271985196257
271576075454
272094020833
272142410951
253612595388
253677691114
263270254797
253359185116
270604818655
270713395389
316495334605
316495424706
269000136915
264093207738
259649595579
252856086737
261332160718
264304771263
272127771843
272186132680
253612652786
253618187470
271358398684
271363812570
271358397671
271443449046
271365640403
271425612992
274651948223
274676675820
261378396352
261646030051
270746026204
313608379614
303090409713
304920572144
247605700847
252777364692
274731543742
274742344912
261696596205
262687623362
121733985474
121781277941
292941112506
306434774233
271977745613
271940097245
271610569972
271579495637
271450425562
271575912637
270771953881
270743716051
272032040129
272069790959
272070799548
271951141070
271576152291
271987167450
262286171370
260057013456
271525810419
271372455111
262393750756
250453716205
271365601510
271511541983
271372354752
270419725551
257940030689
271398391996
271372325104
271500825834
271366260984
271501494477
272026670306
272024871100
272069678321
262348934332
250485520617
272002595013
271579824364
272002595053
271961160914
260875044061
248570311907
272084302029
272045566170
272078625991
271513294066
271443420370
271425586406
270600968384
270720158920
272019281097
272019143906
260920177877
248328967401
271445197038
271372344561
271396631765
271459583193
271511749837
270773760206
270779870435
270747338942
270751647967
270757025981
248361334980
258168552636
248462291170
246371261677
271513274602
271393017074
271500847324
247108488387
247152157940
250550402250
250664346848
248529435893
270983838942
303886466248
304514327767
270741932266
270771941625
272032503027
272032301268
271500799216
271437995219
271365594322
271356609752
271363814599
271393205454
271443586288
271945526458
271985051839
270770182338
270743732459
270734057685
272000787649
271991750843
271991750860
257879860411
270491177178
271372793068
271397088473
247650565367
249306677442
271511483609
269623043268
271611201736
272062151895
272021875923
271372325079
271372325080
271425545462
247142499575
247148497145
271579487426
271579486423
271934563522
270764821746
270562878682
272032535766
272032390360
271365550271
269742263501
271398370545
272026732743
272032000186
248614742249
260910415045
264046003449
267506862288
260906688724
247910703353
247182950621
247962150109
247853426933
260904927474
272032430312
272075835619
262687623398
261706610899
272051030257
272019229932
263941391571
267868264670
271940136151
271940136163
253612661965
253671937218
270718152952
270564666616
267873640655
264061067454
271382155453
271356631246
271448788179
258949840067
250532947166
253077645538
239189350647
253073731801
239257295096
253342812400
252957084921
262753925315
261713121502
272148614393
272129728758
271081875645
271270534388
270737605865
270773741773
260836655338
259051629781
313550240996
301596567776
313586436338
301591209199
252946900201
252948420841
253445276876
262763911368
259822715114
260596849855
247828443358
232802832571
272075842751
272075841775
272148518119
272063006952
259962669251
260840310987
253612821722
253533553852
240357627120
321505453243
259966262497
260840310974
253067504858
239062899905
260654171354
259919485123
311535137007
310474721510
301591211208
313722356942
252943164654
252937574598
253618184386
253654893798
272111016172
272172734652
272034488551
272032437434
271576022238
271610610877
262926426302
253470745828
250508230848
250556374263
259966262507
260646990065
272186130628
272093875446
247884138738
232841823425
304994350278
305933544696
316495240382
317242492118
274709472467
274738519284
265024592108
263026656446
253477470435
253470561524
253677493496
262876827873
316559290606
303917150457
253607131363
253608923326
321505452279
240357627096
239252912362
253127050480
271985144036
271984997590
271511511266
271365573819
281605381354
281695836405
270613879026
270606625999
270606625983
271611198654
272023772393
272023775466
277124182213
281648676056
271398387929
271513251060
260115469511
263827008729
272021872871
271611197674
247145988309
247146105052
267340991687
268693461195
271579693256
271988937960
264769326302
246055619829
292778779865
288247244020
272062457065
272070645988
282603275484
276289777852
247109235939
247144985845
246055619810
264890834135
253765490911
257996377285
271445063926
271934505182
271575911617
271575910638
271981367537
271934518470
271981368523
271579494644
256815724766
304996158678
248422061260
250792226024
252902435064
252951674055
297790822632
260653861056
273922788570
274614651099
270570746065
270610407611
270567102689
321677033673
239529806052
270621015265
270718165207
258086645950
269658779895
305939238080
280575735015
271594423504
271576569042
253664069829
253587406066
271984960760
271938258144
271940146400
271940146388
272034780362
272034620639
272034700503
274731528423
274709662950
270814303436
270788945126
271993388219
264140607692
271906658512
271885399235
272032163042
272073301187
272070665429
271500801228
271358356714
269742156991
272125931707
272124022981
250445544679
262327072965
269000136911
264062621882
272080640246
272082515158
253061787849
253673763045
271445123305
271940136124
240386735353
321505452278
313532447937
301546109130
302715322617
260944714977
313542833341
313541056745
271372127454
271372127455
271419975923
270566592753
270577291459
269742158048
271382088929
271372301505
247801559226
260872913098
311074480336
278944222430
271932720362
271450415323
271579740395
264140607700
246372050118
248451004604
271365517545
271382056134
271396553926
274690678991
274653757635
258748471525
292948442347
271917497573
271913905371
271142903995
271081661653
267864833222
267775844539
271885399267
271610384619
271365224680
271389043957
253521135829
253462311118
263942328524
257972150475
250448110813
247884433639
271952980158
271953052894
295320505585
275579206857
260647525590
247853420785
274646230233
274620729562
253533557984
253021490401
271394446576
271396251839
271450295535
271906659544
264675706048
271989787854
260855248120
258458879176
264464882906
261262508271
269641023726
258172613833
260099379440
264048290023
321505452281
240386736319
314287919322
304837820662
271952980165
271952980184
271363995856
271382326492
271575908546
271938201844
271929084093
257887405289
270276511960
247548176570
253610595556
316684197050
316636592373
253650529512
247585529051
252951648493
252987238610
247541897447
253610596590
252591608039
247585528046
276626189552
276500570361
271501027564
271443584188
272045522130
272088141041
272088141017
270730389695
270741907694
270775519458
270771919065
270775520447
270741908680
271372816625
271583628505
270766999779
270606703836
270567106801
270577290463
270604458191
271396607179
271439801575
271515016392
271434458312
271358328043
271434458313
272067737833
272024596675
272067737835
272043626739
272080570571
272080569572
270566686927
270563175632
270741945592
270775555315
262120458471
246330210506
274653615315
274616270041
271398385860
271363784897
271513248989
252591087826
261432001734
271392992478
271443382494
271409781979
310286851287
241804444870
270826445009
271261403376
270781681913
270749129969
270747338941
271567476927
271580026100
272093727974
272124005611
272091871464
271238337766
271253434610
270770160843
270770160842
274731351285
274738547956
271956716737
271996988661
271991595240
272062942426
272094069973
272093736152
271947504838
271610736828
271988940013
272062270701
272065787094
271109999819
271083295934
272062650592
272062650588
272070678742
257989177553
254109933815
271961093364
271576270014
271512202489
271551029463
271397325041
271366305004
272014523636
272017222856
271844464873
263607935176
263611690221
271398368492
271363762373
316587564271
303915043019
243468133600
243371985145
272093757653
272125939919
271398440131
271398440130
271382157559
271425881331
271449080009
271449079997
271449080010
270577124597
270566433004
271392952534
271437974770
271579697347
271953042647
271947502781
271501081831
271461380326
271358419131
271372365019
271443420393
241804205296
320865464506
271578540271
271357306062
272023782597
271611203785
271450575079
271409833147
271511558342
270743715028
270779885775
272062125283
272063989979
272023751880
271579697393
271952970951
271987167422
239461099758
253614604531
271594505437
271393665245
271448809704
271372390598
271365640390
271356405991
271363600590
271500642534
271396657348
271382155489
271358422258
271373718773
263597993166
263598247124
270775520456
270771919051
270771919077
271509661900
271513201909
271977744624
271450485987
271450485961
271270213862
271266913485
271443425492
271520402620
271448790214
270718332139
270609877198
271393671377
271393671374
271425591489
271500870850
271382156489
273937727734
273827426553
270743732451
270777389273
270770181366
271545826548
271576676567
271576676568
272069717236
272024766705
270559619282
270559619283
271129006302
271291125997
246055530730
320775761134
272069784824
272069785792
271364049137
271372586229
271364049136
271363741905
271500776667
274486215885
274616056010
265888958711
246830311660
270730444021
270779906274
270768376043
270712843491
270570030266
270727912656
270737593542
270773722315
271500820691
271365564659
271356583120
271083630794
271146720448
272032437450
272032576713
313470674168
313526678776
234966543609
234824439996
271988990193
271988990168
271995190512
285975623882
285928373449
274485958889
274495672569
274614337773
274653466856
247910695150
260897841371
271372490942
271454225650
270766998771
270577802444
270612188359
270735791323
270775520505
270773720309
271234820314
271245765820
271940088041
271940089028
272008898768
271610932413
272000785613
271397105892
271511992555
271501063358
271533063413
270604266695
270609683653
272131574983
272091871459
272125799634
272129777857
271396596981
271439793366
271444108528
271373066463
271314498809
271312532672
270559646927
270566737127
270606367989
271934510319
271977740474
271932726508
272170938572
272172735704
270600957140
270611672267
273784151248
273777972455
253445045444
253664069845
271356711117
271500953837
271382110423
271515019472
271500824785
267864574196
264045809850
274740315385
274672555223
272024766681
272026754276
270613444813
270604458218
272032377064
272032377055
274733346008
274740578509
248450994389
246371246310
317591420090
314876549367
260587649268
261252847832
263569809616
271847055603
263613485282
274736749812
274733145311
263031339198
263021160638
262689424633
261696457976
305915133126
302738024668
307106089162
311070980320
314791591150
316622468333
272144927934
272062974176
321581497577
240357514445
262348014822
246267773141
260115423432
241158762734
271574926548
271444096201
321739348177
189722070236
263589038318
261274024172
274742148332
274731345133
271381503182
271376873684
262753926335
261713122534
274742178013
274742177002
269769034947
262951939268
262904187093
262949901529
262793540811
274704095435
274743948528
251483965675
250667061460
239570522302
241401810137
305929967820
311197069532
262981929159
262982304960
252993080559
253341066440
316495296720
317656543457
270773741783
270779860159
272010684619
272012559547
298587481305
302479513816
274709495018
274700503230
302190076143
298382420207
248424460511
250798771419
254311712976
247826109640
249122170095
267800298704
272061990090
272062119111
272021845207
247104304349
247088096481
250814657742
248484780223
285940402362
285930156256
254260205754
247854905584
251810605294
258099536061
248426033351
250798769397
304398638276
301433107645
258254074077
251701007575
274704100564
274733152480
258862957767
250535041238
247090653384
247127748834
272032000187
272062408933
271398230260
271381942480
271358211269
270757023966
270753445079
270785970386
301411663058
304398639332
251708236012
258148515036
253480841430
263453123780
272125936858
272136976585
251710120142
258180386025
307106073796
311158509758
281697514696
305854829765
248424455368
250796391651
272093745390
272124023012
253552306382
263363728633
304485920972
301409359042
252976282872
252951668927
285963136187
285928373464
258148515023
251706498294
249089729750
267800210673
270779833561
270730392819
272093919420
272093754563
270734054622
270775578849
272032272610
272062514387
271985045693
271450521830
271985205482
271985155315
271945583802
258927405282
250525063370
271356421349
271383831779
272061930709
272062128337
272023753944
272093844714
272146726123
271511587063
271448820942
271356662984
271945524445
271610616042
272186139885
272063020228
251547045063
260095668435
268906765513
268994362606
247115253964
247093696735
247995480300
247997544696
271932725441
271610495189
271445068016
272032550096
272032477388
272059872468
271611076835
253535983812
253673757935
272069613787
272026679505
272024809661
271393035474
271500866763
271358420163
264484528314
261287449820
286321303756
297820544241
272024858860
272026778825
274729748720
274711498948
276568160477
281726062788
317095295201
314791632104
272032132336
272032182494
271611169982
272062214351
272061990091
247826099447
254253033659
318223321320
317536959737
272084569293
272131583216
272125920452
252724141296
252773939410
313427595458
313387059429
272062263495
272065943766
271611214048
272023789802
272021889251
251490165952
251487650031
272053603575
272062022869
271610870990
271961157818
271365527797
271365528778
309816566976
292209720510
270601358572
270570662089
270612087032
270563470524
271500874971
271398440169
257093055696
269704773819
271450600675
271382187203
271365648601
274653820131
274486640884
253612824798
253587392755
271115152573
248522332406
263542241519
263542243531
274729549026
274709493983
272006295762
271576282351
271576283371
253669421290
253664068842
272070708441
272069785805
248524076226
270999880895
274729549033
274700501228
270723620026
270718450886
273922860243
274668644578
274731368683
274709512403
274674054338
320900308164
313407710408
311455217886
264063841488
264994411756
274702297305
274709495017
290529220795
289070092518
293455316195
317050178786
274668645568
274614715629
253444360410
247647574243
257093055683
269704772804
255196941506
255196940522
271961177301
272002615522
263471055076
260977386703
260654337218
247784613113
272021889273
272053615804
272065943759
271448818877
271372399863
271393065191
271991691513
271991691464
271576283347
271356853467
271372589275
274614715606
274651658429
271241906395
271099040969
271393285356
271356869864
274614715639
274653827283
248559504582
260899878130
252963897547
253361490133
267723847870
313242402022
298497805544
276626291908
271372526832
271531252922
321755792606
239570582719
253673757929
253470549217
247874448598
247007850713
264840418544
264840419527
264465204414
285792044277
317314983101
317600344310
271356526797
271356526795
251405171900
321623303366
272027627755
272026755287
274711400696
274733232322
271392762049
271383759080
272070664388
272032111824
302035524798
302312564974
248511806685
270738701510
272012562620
272053630160
258839385284
256220711134
261281619157
263576061132
261332160712
264479227088
245223206085
320680257769
270276510964
257854502120
271425766595
271393237219
271501509842
271373012211
272062041336
271611175106
271081467125
271255469271
247059210469
247134205117
271357051104
271393496295
274698762451
274736778486
271533087945
271396871398
271988989163
271953089775
271991594230
272024703221
272024870114
272024703220
272026732785
272026733778
260110077137
263830579394
301429013724
307993297105
258740083932
258148493552
271985043652
271576017130
271985042641
265103134936
263526812891
272062068966
272062247159
271611198653
272023772403
269768481994
238714897644
308172100807
313470736622
274698766545
269781561537
274743980255
273922855127
274651652294
178234608847
321468909804
282263798995
287105587420
253612909758
259906951387
268877061325
274728076533
274348348663
297891572944
284559223032
284528088294
315584185592
314818603216
272062075080
272053603569
271497029823
271381910716
303395708099
281397127375
271575902433
271445065938
271575902414
284837417166
303434388696
271610902728
271964766417
271998837965
272051755211
271610928372
263026824426
262984204520
271356627175
271409825997
271513295061
316575876330
315080114403
263348352249
263344891082
271576266999
271576268012
274714867928
264381812941
316007254247
317215733993
274719765695
280007183594
258009487600
264526757076
313573628146
301556116721
317636990150
311187137738
274718222528
274744296692
316493070541
316670916798
247086257388
264106750199
268411562214
268446181583
245334208738
245306889460
295061339333
290575632611
263827006690
267960874222
298334048497
298253108426
247050716405
247043256548
312397235408
312388252900
246423982317
248409019593
298457905401
310240254182
300551569637
301605647553
312137771234
311097494764
312209778910
267903294683
247763561668
270606610642
270718730436
270766903544
265148223721
263532663995
