7727811646
7986262335
7840269007
7852414354
7521313868
7928027005
7548799442
7948685167
7957474830
7368475157
7415178766
7815500052
7403084002
7812995952
7498370593
7879414524
7504815472
7846151849
7842498907
7889869878
7908021750
7532046510
7539720319
7561017108
7935399846
7933626066
7570131049
7581064282
7946880699
7944613246
7887424288
7947362363
7955052031
7895849625
7725823634
7966203260
7976633118
7933090525
7941328166
7961209722
7746946797
7467023150
7853991077
7887756956
7900685782
7921871728
7534694948
7940724071
7745345825
7968546104
7971323675
7398577612
7940450754
7851183151
7889737765
7527105355
7535428444
7984258298
7547667684
7540838186
7553874173
7817262261
7838160637
7840020400
7896628939
7938538514
7555349809
7578393993
7955128861
7956090935
7954230215
7966026729
7460910225
7484346595
7888711794
7516767688
7535259442
7555705516
7765403232
7980407396
7794309854
7790839381
7423014691
7846205651
7487647116
7501333136
7501666165
7917694635
7583024696
7946641817
7713131494
7745918791
7864631818
7400603620
7858660603
7506700580
7905137759
7583207545
7944672938
7956166654
7967012037
7743666604
7974379244
7974727825
7983510390
7429703273
7460722640
7847685443
7494115233
7495714446
7508985804
7534881983
7540331894
7540786663
7931303489
7716624344
7957723394
7961079597
7967385360
7979858969
7982425705
7985103994
7391756150
7813128531
7415677628
7826724724
7852121346
7863823165
7508812874
7512353954
7539427851
7923136052
7549513566
7577750383
7725343244
7768472225
7791249192
7802772759
7809181142
7307943077
7464502673
7794217895
7868722322
7414592064
7423501003
7446086726
7910743517
7488300522
7545242325
7939103569
7935188087
7884233075
7889727155
7517049770
7955950836
7535786447
7932682076
7968623491
7708288303
7955293611
7377641457
7478612545
7920433640
7540411621
7949504227
7725052072
7967319590
7986976854
7305137825
7450220416
7931149333
7453280235
7852177796
7484616417
7860264713
7920776367
7541981316
7971832694
7802432433
7411853409
7814096068
7831968540
7849631077
7484806364
7505393545
7894347331
7916591358
7923330739
7733363762
7968815040
7975797055
7798550559
7404304256
7403691798
7429606086
7837765182
7480151189
7862222064
7498719985
7883087382
7881588538
7506857301
7791497914
7368256785
7521483771
7465828289
7543829675
7854369689
7488380772
7857434968
7546531795
7871620454
7495365205
7890580690
7510369982
7583368082
7519574890
7951127703
7957990325
7950338639
7772310372
7907311806
7999235808
7835721618
7851609949
7871883997
7873273104
7541138125
7561238773
7557399573
7592674007
7706855873
7964618041
7749770946
7999006183
7404597340
7435699980
7455931909
7512541257
7950544051
7835472203
7488261074
7449952550
7900918812
7905425178
7765891490
7971967423
7939223995
7472614689
7448413068
7485697460
7860494857
7507631009
7907675771
7921556244
7939957499
7593612015
7728576557
7972676274
7763596965
7980213967
7426401401
7841659230
7503371794
7891349449
7896792068
7516437909
7904050329
7925218074
7955201314
7951754255
7742125017
7973670675
7807573531
7854990638
7873224415
7870759615
7496957138
7518744526
7519732014
7538900323
7768668564
7467425767
7465408854
7855058931
7903827669
7927738452
7761305390
7999359199
7375530505
7398730758
7377714190
7854680579
7468594125
7860634790
7860872080
7494121654
7878454586
7446257978
7506673693
7866997686
7528960545
7925038343
7549050480
7961015869
7935628757
7593984919
7722417302
7864325274
7511030436
7792702904
7476061663
7491784137
7508882863
7940112233
7757768169
7971680437
7446332553
7450323503
7476914346
7496087168
7521087118
7525725018
7944859050
7944539552
7813914111
7801459301
7415888614
7400750268
7855037063
7857315428
7900464456
7528060608
7529824126
7531623452
7873478281
7881771531
7506709111
7927948584
7931733398
7914110016
7946734487
7720848566
7544429818
7979757615
7727132575
7470744910
7803091455
7426496657
7830830083
7474336064
7506040989
7541806226
7933908699
7966640188
7966368894
7760370072
7770380886
7799134948
7889592291
7789626204
7817796460
7428251640
7445284561
7843182488
7856617400
7470558028
7901545364
7999510451
7415989201
7423966047
7854435755
7855330940
7800515566
7876233935
7891709816
7902001685
7827515848
7472090116
7507006887
7946178992
7960026365
7931677145
7932451366
7932386018
7974457984
7713962854
7957001008
7730169496
7983227507
7815635848
7525024823
7951936660
7739694658
7985656226
7448926977
7861703672
7876809098
7875848454
7538729811
7966421213
7979358370
7984656512
7907019536
7526895294
7542661740
7543363149
7725037310
7966012467
7970378864
7873807400
7919122759
7564626385
7939933493
7581515379
7423336364
7475032031
7305004749
7305068021
7305277436
7305787597
7305835835
7305725436
7305461562
7305774287
7307895875
7309256386
7309569169
7308879982
7311833530
7306308412
7307313388
7307857217
7311678877
7311195846
7341849408
7305863099
7341059311
7341859501
7365432728
7342695614
7366343533
7365800813
7340666031
7368445346
7368434754
7368677053
7368260514
7365369384
7368618242
7342970013
7375119548
7375367127
7368823593
7368661195
7368392728
7375099406
7368310514
7376081981
7375299137
7376280704
7375627484
7376251454
7763134269
7377363127
7376635958
7376057056
7763791665
7762810313
7763668385
7763580967
7377327991
7765163208
7377136265
7379066321
7764454407
7764579021
7378950518
7765271790
7379213864
7766515571
7766054295
7379783510
7766754668
7767082363
7765662825
7766466549
7380798004
7766027558
7766850925
7766926403
7383311364
7387082559
7380920810
7387152829
7767369765
7766678503
7765037991
7769751824
7383988048
7769225900
7377614307
7767400765
7768532989
7769977299
7387870647
7770425631
7766131611
7389191173
7769866199
7770769413
7771365562
7770986291
7768661238
7771514095
7770229798
7392074375
7771113440
7772255477
7772316664
7392716387
7772419198
7772391479
7771770614
7387293076
7771886245
7393518182
7393377538
7772656850
7772502310
7393628647
7394614010
7772774469
7772628751
7773400124
7772994243
7383704347
7393197947
7391779500
7773364201
7773313674
7397215927
7395555515
7773450160
7763905212
7773754198
7396048691
7773995956
7773043612
7398350615
7774079426
7388809723
7398250407
7399071476
7772153459
7398568598
7398214346
7398136946
7398866624
7775343092
7766566004
7397977801
7399287680
7776286049
7775981638
7399157710
7776090438
7768105520
7340553261
7398282593
7778520585
7776833432
7400833447
7400299375
7776726499
7400320902
7399092038
7401701583
7779265007
7400623274
7779170494
7399872344
7779489422
7780810390
7776304479
7402796671
7402392223
7402847191
7780964124
7775870425
7776419367
7402244949
7403672348
7403140034
7404454585
7780993830
7403632627
7783508590
7782110291
7783420692
7783415756
7404562853
7783474173
7404188091
7773674145
7403101562
7783660322
7783221786
7410979857
7389008436
7783034575
7783977160
7778568834
7784373706
7411364528
7411325879
7783093362
7784478503
7411201778
7784611069
7784638043
7785794156
7784911954
7412811114
7414637770
7786263184
7376012442
7413950055
7786629619
7783607317
7787435597
7415118946
7787126545
7786943663
7786737356
7786474627
7786965658
7415295581
7414470068
7788291927
7415125534
7415658943
7786242399
7415517343
7788438064
7786778275
7415818418
7788151093
7788991100
7789686129
7423457455
7418037587
7789847889
7423053910
7425915818
7789740250
7423384177
7789133762
7425826828
7790254798
7789280210
7425338090
7415476762
7790101034
7427034843
7789759915
7789863045
7427022114
7790601356
7791360235
7412080980
7427606677
7791526998
7791334456
7791290369
7790485102
7791938081
7427278087
7791466160
7791004456
7412639300
7791683097
7429115887
7790831329
7429363631
7427906473
7790883154
7429155009
7428739457
7429452984
7791639554
7428044645
7790011367
7429698972
7432152207
7429398428
7792197095
7432123439
7432096887
7789918586
7792292891
7792552833
7792258829
7429844281
7792752233
7427688424
7791245139
7432453530
7429315972
7792404346
7432244304
7792571546
7432406552
7791622789
7792365079
7792925088
7791251196
7426790320
7792643509
7432509666
7792866364
7793075539
7425374655
7435148594
7428303888
7435227487
7791991838
7432582224
7793030167
7436131177
7432894032
7436093112
7794781939
7794405369
7432690729
7432435604
7792670560
7443439182
7794848237
7443937035
7796593325
7796634480
7790852189
7443923087
7796300689
7796016940
7794654284
7444614482
7792064414
7443900140
7444857185
7443666831
7799148260
7799245504
7445881376
7445332477
7798610000
7446579445
7799694683
7795690242
7799613407
7799961952
7798736319
7800846796
7447305286
7447079737
7415682273
7800829674
7444992394
7800892257
7445983150
7447409541
7801241959
7447942709
7801579582
7448026200
7801232345
7447359481
7801897995
7800976611
7449482911
7801650070
7447912963
7443270584
7801982743
7801786865
7801430390
7801482324
7447752039
7802577831
7795962847
7802334585
7795547489
7792165130
7802307909
7450084532
7444072771
7795000770
7802618299
7802758938
7802652524
7800521359
7803061321
7454555557
7453562947
7453275939
7454008665
7454884499
7802806597
7455750050
7803162296
7803333922
7803573431
7454099751
7803536461
7454369066
7452812773
7803841950
7803315634
7801543529
7804255233
7456000572
7803821927
7456404735
7805544148
7459046906
7805414443
7805172356
7801157160
7805121037
7459158161
7805626654
7805051112
7453323430
7805994952
7458313333
7805979824
7805741738
7460809527
7807081681
7460010010
7803811754
7805005353
7462155344
7454327587
7460637571
7460580975
7460325921
7807068327
7807387603
7807121386
7463053840
7460555793
7807921109
7462736985
7807456902
7805552713
7463937398
7808761821
7808034381
7462881107
7808196780
7807956711
7464006554
7464288430
7464967808
7464740743
7464633876
7397040710
7464607972
7809120961
7809113522
7456077747
7466044481
7808813298
7807205644
7465835138
7463187531
7809411881
7467510187
7467161287
7463604603
7467395425
7808512303
7460859417
7809691499
7809480599
7460385612
7807496814
7811297658
7810358506
7811194399
7467947892
7469735587
7810524698
7811328328
7811944081
7469399245
7469992042
7811353923
7470244219
7471169789
7810578577
7812447029
7810731854
7811080378
7811704743
7811495533
7812901412
7470063012
7472469528
7812691538
7813015164
7470959931
7813106239
7812566627
7473139484
7472685608
7812397223
7466836874
7813570621
7471912646
7473515166
7813386351
7465749291
7813787272
7813468677
7471652234
7473917292
7474805723
7474011321
7475081632
7473103462
7474552224
7814449267
7814394496
7814270124
7475208380
7475067967
7814497905
7475795292
7474444271
7814409870
7813888429
7475727883
7814583654
7474970066
7814820591
7814397029
7476009581
7814062876
7814877827
7811463202
7813958108
7814481440
7815196053
7815701577
7814727557
7477287387
7476285873
7815742939
7477905074
7816196768
7478247815
7816912717
7813742352
7815667645
7471209982
7476767668
7478491414
7480251908
7480524507
7817390110
7475589531
7817227260
7817897737
7479890732
7480457141
7817145317
7817678167
7817614095
7480685456
7480860569
7816643866
7480204000
7817847468
7817774260
7479273749
7481262632
7817545663
7818061502
7481666595
7818230251
7818030936
7482449099
7817914472
7479029329
7482246626
7481921282
7818846801
7818569319
7482711544
7821219266
7482929277
7821567588
7816992986
7823779019
7483816379
7483843272
7821488832
7821716175
7821665502
7824165875
7824708080
7825497117
7484296943
7483859061
7484743175
7825636136
7487599408
7826445561
7826067647
7825744062
7484811912
7487564695
7487692378
7487235376
7827353379
7488268145
7827911375
7487735494
7818531835
7488281062
7488245379
7488284864
7488231176
7488295231
7487656296
7828673911
7826845574
7828185396
7827966393
7824396460
7488332715
7828722811
7828193878
7483875449
7827401926
7828766787
7828685243
7830838299
7828240871
7828506258
7488309364
7828815400
7828744051
7832480753
7488343372
7491419994
7305668046
7831311246
7833498102
7488710155
7492435853
7826012803
7834486366
7490994189
7491993117
7493050714
7826852727
7493133550
7492949633
7834816137
7834239816
7493559562
7493771017
7494028904
7493114377
7833701499
7830435461
7493776311
7834808763
7494070266
7494446792
7835511378
7494326704
7494281038
7836769557
7834881120
7494560415
7837388666
7495067405
7837417505
7837067910
7837070828
7494902949
7492753365
7494659605
7837501934
7495336515
7494886053
7495628790
7837590605
7495411024
7495789982
7838095869
7840595882
7840006230
7837939382
7838192192
7837673827
7495365871
7495826919
7837990050
7496145784
7496065810
7834858142
7496245976
7496154416
7496002540
7838892887
7838953193
7841477622
7841052018
7841394441
7496677271
7841520098
7840968168
7841079299
7840842780
7495325527
7496924426
7496606641
7496527161
7840785319
7841499667
7496859643
7841721829
7498185573
7497801389
7842071752
7842873862
7841821841
7841757485
7498624954
7498714607
7840329041
7497331594
7498755724
7498563534
7843373648
7842963238
7845101625
7500477685
7845817248
7496414366
7496598868
7503149576
7502536710
7501060153
7846218303
7846206286
7846466633
7847230269
7847329508
7501516333
7847213314
7847721113
7504020289
7504695207
7848811620
7847909785
7849181507
7500258887
7504395141
7505762910
7455560160
7849056254
7505008160
7505201112
7504843357
7506053275
7849196791
7849680937
7505236356
7850306446
7849252051
7506726200
7506097853
7850438964
7507036907
7850490918
7506741977
7503994008
7507121732
7507512683
7506856804
7850394707
7850331301
7507464345
7507637304
7507716061
7850460801
7851204913
7850758656
7851292195
7507345346
7506937940
7507862309
7508065200
7851702002
7850510758
7851362812
7851079048
7508176984
7508035319
7508719466
7508634606
7508744208
7852358722
7505910748
7508296275
7508374693
7852225443
7501282454
7852513016
7852544773
7851802900
7510103278
7510089931
7852144323
7510365292
7511376492
7510331721
7852286854
7511019774
7511228812
7853092071
7853144361
7852305007
7510241510
7511739649
7511914075
7854082146
7512056388
7512673099
7853828740
7853210171
7512829397
7512006701
7852725747
7513410739
7854245285
7854639201
7514047385
7854765083
7512636888
7855355683
7854841163
7854373795
7854869104
7513816064
7513787842
7513827228
7855337080
7854136941
7513337680
7855767010
7514579224
7515692104
7515175948
7513209829
7856159376
7515702428
7515430938
7854025989
7847577791
7516706185
7855049117
7517019701
7514148401
7516031205
7856713910
7516768874
7857061911
7857685818
7856951960
7517672205
7858177796
7517819989
7517921582
7858412003
7517072387
7858110732
7858588730
7519176879
7518099016
7518707685
7518820923
7859038693
7860211779
7521416031
7521307694
7521721341
7521162772
7521655992
7858193412
7860680467
7860625671
7860538748
7861602381
7860849052
7522614914
7500217217
7523089145
7863174521
7860128350
7862279280
7522860528
7519316678
7862737965
7523642905
7864083642
7525414190
7863630396
7521214233
7864521376
7864556042
7523723955
7522696831
7525091700
7855602642
7864837249
7861757978
7861775257
7523225737
7522814581
7517135580
7523067503
7864643953
7864807197
7864883407
7865373919
7866284100
7526242366
7866548774
7866452091
7525721593
7866011458
7862250369
7866600001
7527178160
7866656053
7864946635
7866713289
7526648626
7527450935
7525743306
7867499736
7527930163
7528179044
7528157716
7528127217
7867952153
7869408842
7868456298
7867276450
7527308083
7866963382
7528831409
7870754172
7870214158
7528958937
7870279813
7867640548
7870575171
7523779816
7528704184
7526912649
7526262761
7871441276
7530002392
7531732865
7870267610
7531048921
7863555902
7528804041
7530513897
7531886150
7525730023
7871793506
7531905556
7527694794
7871186726
7531589668
7872839265
7871984940
7532877766
7534143938
7533910030
7534159862
7869112211
7872812750
7534331683
7873914055
7872890549
7534587540
7534256058
7534562328
7873669797
7873402870
7873894812
7873707512
7533379700
7875502773
7534069029
7534421915
7875000201
7534841997
7875571515
7871397166
7875315240
7535028319
7875743148
7874254381
7535035125
7535139951
7535447595
7534732102
7875951972
7876684347
7535404484
7535649382
7534987148
7535934831
7877052355
7535640250
7877431588
7877388850
7538055431
7877766220
7877531603
7535778384
7877647858
7877848943
7538115386
7877782705
7879244235
7538026349
7877747135
7538529219
7878577509
7538944879
7538598443
7539177754
7538902686
7879647922
7880317324
7539232797
7880604172
7539112764
7878879693
7879494993
7879835845
7880545331
7539321069
7539279372
7538856834
7880947545
7881424442
7880531779
7539534444
7538821684
7539524558
7539349887
7876284802
7539736249
7883878655
7876556304
7539788112
7539619960
7880962501
7881683936
7879529119
7539367556
7881928324
7882177481
7539899934
7884251948
7540488628
7883605008
7885287035
7540298998
7882670732
7540221123
7540825689
7885067840
7540618248
7540435305
7884445868
7885427026
7540871410
7885782692
7540695324
7541306994
7884487966
7540991587
7885516798
7885654328
7881291218
7885698864
7886243793
7885975536
7885593395
7542938858
7886389729
7787705497
7876804465
7886692672
7886219383
7525640901
7542660550
7542140708
7885725521
7542881337
7887422620
7542518165
7886124695
7887514822
7889149976
7543647497
7889026349
7887732999
7543825744
7543523041
7887384659
7889556070
7889600220
7543400705
7889850456
7890184915
7889655063
7889685040
7889832280
7546252570
7889467766
7889693256
7546066068
7890040406
7545893222
7547364949
7885912899
7772207421
7890570355
7890318525
7891214200
7546811056
7547477254
7546233736
7546628619
7891488338
7890915623
7545976682
7891603018
7545869251
7891065308
7891520540
7548029098
7548247627
7547745364
7891614090
7891895323
7887661705
7548719466
7548755882
7549112922
7549076292
7547579493
7551758216
7894514283
7894401197
7548733158
7548982069
7551368929
7551456939
7547929359
7891384871
7895316175
7894712291
7891058394
7553314532
7552910502
7891551906
7894880894
7895582903
7552844525
7553988317
7895778170
7553804101
7896259334
7896737483
7554708798
7896947488
7554254871
7554446382
7896839469
7557980731
7557220765
7899716636
7557372509
7548167000
7897433889
7552414216
7562165430
7557955127
7853648352
7899307741
7900861098
7562435243
7552329040
7561863148
7561453125
7896825494
7553452045
7900197526
7562759860
7563554055
7562995421
7899943629
7564212002
7563923147
7902171378
7565633069
7901334331
7563693237
7565192034
7564618381
7568056345
7557808383
7564315921
7903043847
7903148383
7902797789
7564925857
7565965038
7566214944
7903196867
7566222988
7565532118
7903002172
7565515132
7903530155
7903708647
7903550059
7903475644
7903274605
7565896667
7568698383
7903897695
7903792663
7903882948
7903952667
7900835581
7900954203
7903975628
7557529969
7570200879
7563905666
7902964089
7904258215
7570098555
7572053722
7904303630
7904069531
7904042947
7570799081
7904141543
7904541993
7904168274
7572481481
7572506856
7904345920
7904360465
7572088477
7570124216
7904787790
7904842991
7572870404
7905176317
7575644434
7904973776
7904817070
7904481147
7905228685
7906406456
7904929886
7905585326
7576239166
7563040514
7576550170
7575773631
7905573906
7906135809
7907008112
7904599421
7572615317
7576113413
7907368219
7906541860
7907637360
7578137539
7908390600
7907518169
7578705055
7908185664
7578959755
7908515101
7907113767
7908313436
7908715179
7908573776
7908400329
7580805707
7578609533
7908498952
7908754866
7908238175
7581201357
7581153266
7908559327
7581066206
7909516116
7581165970
7909118066
7577972417
7909616259
7581798080
7912012424
7909523823
7581309514
7581708507
7583109474
7576707616
7583261968
7910393235
7581470110
7582006079
7912060512
7583071067
7912383606
7583629090
7912076028
7913002469
7583695215
7912848102
7912879491
7913333814
7584010814
7913686658
7583918333
7908432262
7913652298
7914102819
7914343776
7584025306
7913895106
7584065475
7913342665
7584934339
7586625031
7581082689
7584326043
7909338586
7585857675
7585590911
7584430866
7916634649
7914720728
7914385748
7585339296
7588510301
7588084848
7912978361
7917696653
7917167347
7917744948
7914859331
7917030651
7917523627
7590035377
7919066283
7591127037
7920397009
7590392215
7919136857
7590406523
7920144372
7590666537
7591759522
7587181321
7591222551
7920123103
7920225531
7591536677
7592138827
7921483048
7590068708
7592388438
7593259546
7922495796
7922608863
7593718120
7922360333
7921513916
7594414408
7593595972
7592878043
7594538336
7590589809
7594854028
7594739126
7592943666
7923379001
7595328275
7919374008
7920323050
7925309111
7925217766
7925236430
7925006216
7919967922
7925018657
7923518352
7594251718
7925412764
7595350276
7920519565
7925537531
7925800093
7596757350
7595416074
7925321615
7596851276
7923809058
7926046280
7926243596
7597054433
7925757069
7926516215
7927030688
7926327722
7597561543
7926750800
7597853396
7927066814
7926117322
7927318236
7926979896
7598718154
7591867605
7599532715
7926390660
7928672235
7929031231
7599413999
7872629909
7598799646
7929180787
7701317771
7702009101
7929351195
7930118221
7928928321
7929087484
7599270122
7702077903
7930038721
7930151597
7702187116
7702174422
7624497827
7702557578
7702907059
7702680188
7930679212
7702756632
7930377192
7930825875
7930594787
7702683528
7930925050
7930125833
7703310639
7931187966
7931150675
7703552235
7930756825
7931458984
7703663882
7703386941
7703188096
7703647667
7703795228
7931744514
7703846440
7931564877
7931553844
7704705223
7931880723
7704079913
7931330230
7931976186
7929879445
7704251389
7931840318
7932228769
7704860423
7932245800
7706292043
7704988931
7932063170
7932327889
7932565680
7706535754
7706090874
7932842617
7706799938
7932975146
7933189987
7707129812
7932765457
7708052410
7707074786
7932753969
7706487271
7707618329
7702151276
7707265969
7707016425
7932982804
7707983873
7933697011
7933309512
7707745336
7708318685
7933517516
7709145015
7708622305
7934302377
7934866645
7708979910
7934915316
7707815454
7707293943
7707036770
7934550351
7708562627
7934683250
7935224338
7935695363
7935915570
7710406187
7935810465
7709857273
7935610074
7932722769
7938004770
7780008386
7938384833
7710582084
7938484668
7938820213
7936775908
7702034941
7939055285
7710566004
7939059541
7709668769
7939004492
7935012221
7711168393
7939232506
7710527885
7710919102
7939489387
7939176315
7711212174
7939349045
7939309086
7939609851
7939377507
7711072697
7710686163
7710877922
7939524255
7710331248
7940331202
7940258578
7940485668
7940194674
7940285382
7712093794
7940226212
7940219850
7940453683
7712103580
7712237086
7711252061
7940512907
7941103264
7940915122
7710681391
7940928999
7712468976
7712185328
7712282224
7712203088
7711841807
7711371332
7941382154
7712710403
7939423800
7943516323
7943560190
7943676697
7943429618
7902043830
7943552447
7713171183
7944111772
7713355615
7713751856
7943500501
7713385863
7713457789
7943816354
7944407766
7944536602
7944385428
7713814641
7944201813
7713597185
7944624093
7713584316
7502723136
7714408122
7713716543
7714432311
7944702229
7714307896
7944520825
7713849106
7715030456
7944691980
7944977277
7715270444
7944163174
7946040994
7711860398
7944657442
7715601040
7715341201
7946259397
7946232280
7946629051
7540370909
7944842402
7715846630
7946834609
7715503527
7715520019
7716183686
7946342532
7943450115
7946487351
7946644769
7715577940
7947274804
7947117189
7714248132
7947276165
7947353070
7947174902
7947525683
7716949167
7947197710
7717134048
7947531312
7946392334
7946851913
7717824552
7947307675
7946765922
7716790888
7947506433
7946134990
7947613758
7716449203
7947455239
7716923838
7947251113
7947730971
7947590339
7947360601
7718635476
7718648779
7946531438
7947163216
7718252306
7718143195
7715625167
7948351671
7947949195
7949061331
7718873481
7718941855
7719620112
7719129258
7948467365
7949038832
7718617014
7719379089
7719655974
7719989398
7949194144
7949018148
7948722414
7719870459
7719242795
7949143038
7949463934
7720238045
7949336284
7949495151
7719903073
7949429785
7949293751
7720604808
7949678052
7949188244
7720868609
7949152432
7949824532
7949837196
7720850700
7949724778
7720631678
7949571427
7722112716
7720937151
7949650679
7721478994
7722168876
7950364554
7722555980
7512612920
7950501661
7722455501
7950558473
7949933161
7950674667
7950653038
7950354509
7720885154
7723372945
7723071052
7722826576
7724804896
7930868158
7723350330
7950943397
7724444790
7722587663
7950807643
7951022577
7951154724
7722934680
7724567286
7951130480
7724772261
7950897559
7951304632
7725612477
7725941432
7725753238
7951203537
7725630318
7725556050
7951711200
7951719240
7725830043
7952566413
7724033482
7721986058
7728880637
7729065356
7727189578
7954808835
7955109027
7729812979
7729525307
7954044774
7730001393
7952646389
7952853313
7730006630
7729314745
7955206423
7954408763
7954098657
7954224697
7730535756
7954819955
7951484837
7955203336
7727057758
7955230157
7597812026
7955449182
7730338620
7955246682
7956047653
7956149784
7955894783
7732309406
7956125280
7732210673
7731508304
7956446478
7956339809
7732388815
7732415686
7956635471
7956160293
7956458032
7956419604
7956190699
7732647731
7732046631
7731634388
7733530103
7733223927
7729866943
7956515015
7734028351
7732857381
7956882252
7957018987
7956827080
7956353578
7957197404
7734294765
7956812776
7957111698
7731474849
7734385324
7957363722
7734928551
7957661116
7957333853
7957942055
7956497749
7736069591
7957552620
7736643236
7957211159
7958170909
7958308138
7958249513
7958157551
7736490987
7958299953
7733132484
7737473558
7958495799
7738420800
7738286951
7738468426
7736869744
7738473980
7958507669
7958656313
7958981579
7738995205
7739392758
7960402703
7960172811
7960279739
7739410905
7960544138
7739047382
7739507900
7960688441
7738897196
7960313999
7739668024
7960974163
7960963633
7960382285
7960868668
7739113532
7737864481
7961001084
7740389608
7960985496
7961516161
7740185629
7961177992
7961690459
7740307113
7740828908
7961265619
7961542162
7741496334
7740878928
7740980174
7961951631
7740555433
7963193691
7960806065
7962390926
7962105271
7964224916
7961855955
7965219403
7964168525
7743198529
7743067809
7741486734
7963391843
7964023220
7743502120
7742669975
7963360690
7966180749
7964968863
7963883232
7743325829
7742444230
7745109456
7743483793
7743916888
7963508957
7966525275
7966807243
7966331180
7742647527
7743932706
7966217831
7966396510
7745333135
7745171754
7743622590
7743665990
7745758480
7966412936
7745155403
7742889267
7743771934
7743780913
7963762055
7967101395
7966547604
7745587447
7745922636
7745929536
7743565621
7966726001
7967551365
7967300146
7745908853
7967142315
7967230971
7967329489
7740707580
7746512233
7967719426
7747479802
7746573484
7967043115
7747128389
7967998419
7967274717
7746491110
7746407055
7745368535
7968450290
7967536075
7969323396
7748444642
7747408053
7962372021
7968875167
7968797805
7969038347
7748494968
7969099824
7969606536
7748937848
7969635965
7749493623
7969857889
7751173126
7969744848
7969193003
7969777867
7969967749
7969833758
7970054541
7749945071
7751043143
7970267568
7751206590
7970850364
7751821181
7970397267
7593392029
7970011027
7751419787
7752165153
7752124516
7752283116
7752528879
7752855371
7753377398
7753128343
7753204291
7752430008
7753190635
7753255409
7970935878
7969262630
7749374046
7971759509
7969672798
7971801349
7971780517
7753461988
7972214946
7972036460
7972877494
7754268244
7753741315
7972725600
7753936702
7756324867
7973545825
7754431947
7973286608
7754820523
7972122335
7973960272
7973697955
7974609419
7758677240
7974454432
7757622591
7758319656
7974831640
7757906647
7759046820
7758823856
7973764199
7974805597
7929754377
7759009917
7759672612
7759568615
7975610267
7758770509
7759544637
7759285593
7756973661
7756098449
7975875723
7973982910
7976411947
7974669239
7761055559
7759322681
7975807602
7759470566
7761045909
7972845374
7761122781
7976807139
7976584227
7976116302
7760470410
7976906775
7977419806
7761286267
7976946754
7977212422
7760886739
7977151140
7760903006
7977257803
7977852871
7761149654
7977546979
7974159602
7979101828
7977742103
7977474706
7761999758
7761554295
7761540204
7762771318
7762631915
7977776670
7760204524
7977330439
7980096146
7979440773
7979986327
7979734346
7980414620
7980253404
7980145668
7976750076
7973660804
7980454532
7980666467
7980966211
7760700496
7981179884
7982776637
7983055250
7983394434
7981755539
7983523148
7983455231
7983565697
7983300581
7983271429
7983518059
7983530487
7983604212
7983259785
7984285488
7751327130
7984268502
7984187891
7984449154
7742515522
7984385311
7984538725
7984667021
7984702434
7984966971
7985109077
7985336948
7984973747
7984340898
7985163216
7985745237
7985667413
7985796412
7985709493
7986625208
7988902211
7986690253
7989784656
7989748539
7989424948
7989672891
7990980605
7966062144
7999326390
7936307818
7990667547
7576258565
7999106655
7999584244
7714418667
7999856352
7999305217
7999358412
7999596244
7727850432
7757099637
7958472015
7739723226
7740339266
7756018272
7989502499
7341441193
7756531062
7930919808
7960611185
7568508818
7496379999
7545651557
7764861051
7488470447
7340530205
7748830805
7541492826
7909223350
7922563240
7466570763
7971385604
7403856847
7896095827
7917678551
7731381786
7597898978
7366808989
7443549141
7554432655
7746696934
7402564636
7454354285
7586866260
7305085502
7541016205
7925915929
7786655438
7388433034
7530754078
7596122981
7949255432
7427414710
7841437092
7931342127
7967178327
7703534149
7804674705
7427515150
7952024248
7960089866
7588772455
7786881800
7902725644
7495143845
7935900164
7525293779
7754186130
7885812757
7366249723
7931078040
7490574574
7377881165
7548292639
7305469207
7787082532
7411297097
7921932892
7868229501
7526703480
7710785576
7753576230
7479684823
7538258246
7496096694
7957101426
7473497722
7852201329
7723546050
7809153702
7988827847
7949590419
7701343135
7944256987
7546057251
7984361614
7459532812
7516743729
7922704143
7505398598
7946462627
7999423304
7491101717
7869069575
7713563221
7476939275
7711283246
7595188242
7976150475
7521923310
7960227243
7582856557
7592306875
7838230722
7515462219
7917675368
7864858074
7725161448
7811767699
7950088233
7795275403
7508218310
7956896126
7846123013
7818417813
7759916665
7779421390
7525945578
7472444807
7913289370
7985658481
7526658823
7831416015
7793798510
7866490631
7954247095
7584649199
7831416015
7983145906
7718755339
7981252971
7760105350
7722951039
7725187169
7484796793
7800604668
7801384553
7870296789
7507557068
7538191937
7549331702
7807915502
7834707444
7466344159
7490133734
7497405877
7889464054
7891640462
7919303684
7542448404
7547571045
7562695246
7946857884
7718976277
7980312133
7864833037
7984125175
7341843278
7818610319
7427649869
7849882929
7917188864
7938103003
7944366503
7765442159
7825171794
7427970198
7459685822
7879293912
7891116687