7999326390
7944859050
7955109027
7807121386
7455931909
7426496657
7950364554
7738420800
7791290369
7889600220
7554432655
7494659605
7415989201
7734028351
7932327889
7907019536
7739047382
7856951960
7428739457
7745155403
7980966211
7836769557
7886124695
7842498907
7411325879
7786943663
7497331594
7932386018
7908432262
7380920810
7429115887
7944702229
7540435305
7715503527
7894880894
7504020289
7761540204
7702907059
7464502673
7341843278
7909338586
7494886053
7460580975
7710919102
7960974163
7960172811
7597812026
7930038721
7708288303
7504843357
7849056254
7939055285
7761554295
7429315972
7737864481
7526895294
7913333814
7949018148
7828766787
7476914346
7813914111
7966421213
7482449099
7950354509
7510089931
7476285873
7938538514
7766466549
7746491110
7494121654
7515175948
7813742352
7539177754
7411853409
7753461988
7939309086
7553988317
7490574574
7779170494
7598799646
7522696831
7969833758
7592306875
7736490987
7713814641
7906406456
7939489387
7855355683
7578705055
7507464345
7803841950
7583024696
7908754866
7423336364
7552414216
7725753238
7772316664
7875848454
7905228685
7731634388
7759009917
7851204913
7879244235
7720850700
7539720319
7375530505
7887384659
7541306994
7879494993
7984966971
7498714607
7984385311
7730001393
7731381786
7747128389
7368392728
7763905212
7912012424
7546252570
7711860398
7772628751
7368445346
7581798080
7548247627
7557980731
7540838186
7572481481
7448413068
7472090116
7767082363
7932842617
7792292891
7526648626
7925006216
7714408122
7968815040
7925915929
7840006230
7515430938
7895778170
7896259334
7402847191
7904050329
7960806065
7732309406
7783977160
7783420692
7956419604
7447359481
7740878928
7583368082
7715625167
7963391843
7340530205
7906135809
7873273104
7858660603
7401701583
7411364528
7476767668
7877531603
7518744526
7964168525
7949504227
7976633118
7776090438
7966203260
7866011458
7877431588
7954098657
7494902949
7465828289
7365369384
7472685608
7702009101
7508812874
7508719466
7715577940
7749493623
7769751824
7961855955
7540695324
7956090935
7970054541
7805051112
7704988931
7784911954
7763596965
7495336515
7885725521
7444072771
7496065810
7908559327
7533910030
7954819955
7983055250
7539367556
7960313999
7730338620
7913686658
7543829675
7752430008
7814270124
7540221123
7496606641
7470244219
7962390926
7891488338
7773450160
7454884499
7761149654
7850438964
7501060153
7531589668
7864521376
7935900164
7443549141
7742647527
7507637304
7307895875
7739723226
7584065475
7977212422
7512353954
7930377192
7914110016
7876284802
7958472015
7813128531
7475067967
7798736319
7926390660
7773313674
7545976682
7875000201
7549076292
7955950836
7939933493
7548733158
7967178327
7765891490
7488281062
7507121732
7975610267
7365432728
7849196791
7817262261
7388809723
7889464054
7765442159
7903530155
7913652298
7854435755
7944672938
7443937035
7727189578
7854869104
7713171183
7815667645
7588772455
7768472225
7811495533
7423966047
7868456298
7920144372
7500258887
7718143195
7543647497
7578959755
7447079737
7745345825
7815500052
7960544138
7595416074
7379066321
7765271790
7870296789
7967385360
7837067910
7807956711
7982425705
7957018987
7923136052
7501666165
7540991587
7592138827
7539321069
7841052018
7503371794
7940285382
7947197710
7902725644
7466570763
7811080378
7946851913
7754820523
7950544051
7508218310
7914859331
7902171378
7984449154
7949463934
7826852727
7481921282
7427688424
7704860423
7912076028
7775870425
7954224697
7805005353
7583918333
7412639300
7938820213
7428044645
7877782705
7955128861
7751821181
7958495799
7787705497
7379213864
7309569169
7738468426
7950501661
7791938081
7976150475
7976584227
7974159602
7827401926
7951304632
7501516333
7760204524
7547571045
7957211159
7855767010
7482929277
7508176984
7964618041
7493050714
7743666604
7824708080
7872629909
7527930163
7783415756
7581708507
7821567588
7538258246
7873478281
7966726001
7815701577
7814409870
7904345920
7925018657
7538900323
7464967808
7789133762
7801786865
7540825689
7594251718
7940485668
7961177992
7759285593
7940226212
7950897559
7758677240
7376012442
7740389608
7864833037
7513816064
7598718154
7967230971
7981755539
7853210171
7835472203
7429606086
7948467365
7882177481
7423457455
7754431947
7506857301
7762810313
7745758480
7790485102
7805544148
7919374008
7450323503
7809120961
7786474627
7958299953
7759568615
7810731854
7858110732
7376057056
7720631678
7526703480
7939957499
7414470068
7811297658
7706292043
7592878043
7456404735
7535778384
7943429618
7933908699
7850394707
7720868609
7445284561
7709145015
7772255477
7712282224
7425338090
7850510758
7736069591
7913289370
7896825494
7848811620
7841721829
7794848237
7365800813
7720848566
7305725436
7426790320
7903975628
7947163216
7972845374
7834486366
7968623491
7508882863
7488332715
7920123103
7595328275
7761122781
7866284100
7885593395
7939609851
7866452091
7955230157
7986690253
7790831329
7904481147
7460010010
7393377538
7803315634
7960963633
7949293751
7907675771
7917188864
7851802900
7813468677
7757768169
7801982743
7904787790
7796593325
7958157551
7805552713
7903043847
7570131049
7866600001
7751173126
7543400705
7470063012
7531886150
7885782692
7479684823
7784373706
7703846440
7498370593
7491419994
7961516161
7940450754
7947949195
7702174422
7535786447
7947353070
7950674667
7871793506
7446086726
7583261968
7568508818
7967101395
7932982804
7966062144
7946259397
7817847468
7862250369
7960985496
7801232345
7891640462
7564315921
7479029329
7864631818
7946629051
7340666031
7702756632
7817227260
7955201314
7800892257
7960611185
7826724724
7786881800
7715270444
7922704143
7861757978
7878879693
7790011367
7840020400
7704251389
7946232280
7841757485
7985709493
7540871410
7415295581
7449952550
7944539552
7586625031
7913342665
7746696934
7752165153
7814062876
7521313868
7743622590
7570124216
7769977299
7904929886
7908185664
7464607972
7870214158
7808034381
7949650679
7934302377
7977330439
7494560415
7562435243
7477905074
7722455501
7967319590
7932565680
7929087484
7488261074
7488231176
7725187169
7712710403
7964968863
7495143845
7464740743
7512636888
7932245800
7508296275
7791245139
7810358506
7922563240
7484616417
7787126545
7593259546
7725630318
7471209982
7850490918
7919967922
7967998419
7807915502
7592388438
7427970198
7453280235
7739392758
7525725018
7719903073
7396048691
7851292195
7960279739
7427649869
7720604808
7871620454
7908515101
7548719466
7944366503
7891520540
7590666537
7729812979
7527308083
7474805723
7397977801
7719129258
7852286854
7854765083
7921932892
7790852189
7961001084
7858412003
7511019774
7719989398
7980666467
7876556304
7866490631
7404304256
7800829674
7727132575
7389008436
7864643953
7403140034
7999006183
7980414620
7887422620
7403632627
7840595882
7871397166
7460385612
7877848943
7813106239
7828744051
7463053840
7946834609
7825636136
7447305286
7862222064
7788991100
7547477254
7943816354
7504815472
7380798004
7808196780
7969038347
7871441276
7756324867
7732210673
7833701499
7782110291
7715030456
7814449267
7766054295
7896947488
7389191173
7702683528
7976807139
7930594787
7471652234
7759672612
7456077747
7523225737
7453323430
7837990050
7366249723
7759916665
7889850456
7905425178
7538821684
7828506258
7784611069
7739694658
7305668046
7791683097
7511914075
7581515379
7879293912
7955894783
7946040994
7824396460
7590068708
7946462627
7869112211
7394614010
7505393545
7949038832
7807573531
7539524558
7976946754
7513787842
7837070828
7404597340
7813015164
7946531438
7852725747
7542518165
7958170909
7724772261
7501333136
7968546104
7800515566
7534256058
7747479802
7594538336
7753377398
7711168393
7398136946
7496245976
7876804465
7973697955
7725343244
7473515166
7594414408
7480457141
7817774260
7756973661
7568698383
7970397267
7375099406
7429844281
7400623274
7949336284
7511739649
7947531312
7745918791
7969635965
7917694635
7514579224
7581201357
7934550351
7730006630
7859038693
7977852871
7852121346
7775981638
7545893222
7973982910
7402392223
7740307113
7548982069
7963193691
7773364201
7828673911
7932228769
7846123013
7861775257
7565532118
7583071067
7927948584
7974454432
7495628790
7855602642
7526262761
7739410905
7770425631
7498755724
7521087118
7731474849
7864807197
7575773631
7475727883
7498563534
7593984919
7985796412
7713962854
7727057758
7546233736
7790101034
7847721113
7529824126
7974379244
7522860528
7864883407
7783508590
7912060512
7802577831
7877388850
7778520585
7841394441
7922495796
7913895106
7738286951
7596851276
7496379999
7375119548
7591127037
7710877922
7967142315
7521721341
7984361614
7722417302
7702077903
7414637770
7973286608
7791334456
7875502773
7931150675
7949571427
7977776670
7388433034
7889693256
7546057251
7577972417
7746512233
7534587540
7591222551
7976116302
7795690242
7879414524
7728576557
7749945071
7592943666
7847213314
7886389729
7739668024
7930925050
7708562627
7956458032
7753204291
7808512303
7786965658
7459685822
7851183151
7957990325
7450084532
7503994008
7455750050
7955203336
7766566004
7925321615
7387082559
7575644434
7930868158
7884487966
7891895323
7714418667
7488343372
7840269007
7789626204
7885975536
7494028904
7792404346
7393197947
7837388666
7860128350
7751043143
7841659230
7900918812
7896737483
7510365292
7521416031
7392074375
7967012037
7379783510
7792365079
7587181321
7539899934
7443666831
7538944879
7814394496
7818061502
7980213967
7982776637
7961690459
7309256386
7738897196
7495789982
7483859061
7562995421
7718873481
7475208380
7883605008
7490133734
7570799081
7707129812
7930756825
7885654328
7931330230
7817390110
7975875723
7885812757
7400750268
7505762910
7576113413
7802432433
7961951631
7828193878
7903792663
7811704743
7841477622
7946392334
7725830043
7368475157
7949194144
7428303888
7863630396
7771886245
7983271429
7393518182
7960227243
7494281038
7516767688
7939232506
7835721618
7716624344
7427515150
7930151597
7535640250
7825171794
7427906473
7491993117
7760370072
7880317324
7950943397
7979358370
7866713289
7913002469
7849882929
7525721593
7305137825
7947274804
7542881337
7889727155
7789686129
7454369066
7500477685
7513410739
7376081981
7873807400
7412811114
7523089145
7789918586
7889685040
7804255233
7817678167
7989748539
7398282593
7831311246
7305787597
7540786663
7305835835
7454327587
7511228812
7967536075
7796634480
7891065308
7935610074
7580805707
7492753365
7827353379
7973660804
7739113532
7870759615
7838192192
7743565621
7903274605
7917744948
7736643236
7701343135
7733132484
7715520019
7923330739
7903002172
7983604212
7378950518
7766678503
7873224415
7719870459
7539788112
7878454586
7835511378
7565192034
7908238175
7479273749
7581064282
7538026349
7908390600
7588084848
7415178766
7454008665
7949837196
7766850925
7896792068
7540298998
7572870404
7917678551
7498719985
7517819989
7504695207
7814096068
7899943629
7930125833
7538902686
7495714446
7748444642
7925800093
7771770614
7904042947
7757622591
7591759522
7868229501
7708318685
7864858074
7985109077
7717824552
7734385324
7958249513
7368823593
7934866645
7821716175
7727811646
7505236356
7970378864
7800846796
7542661740
7404454585
7807496814
7825497117
7743780913
7549513566
7366343533
7873669797
7547364949
7970011027
7971801349
7765037991
7962105271
7534562328
7876684347
7944201813
7545242325
7852144323
7968875167
7752124516
7491784137
7814481440
7515462219
7919136857
7583695215
7933626066
7561017108
7929180787
7846206286
7971680437
7802806597
7904069531
7944536602
7730169496
7890318525
7535139951
7377136265
7703310639
7907637360
7867952153
7725823634
7740339266
7578393993
7582006079
7512612920
7467425767
7977742103
7932975146
7715846630
7926046280
7832480753
7707265969
7577750383
7443439182
7988902211
7458313333
7975807602
7875743148
7553452045
7889556070
7802334585
7949724778
7706535754
7939004492
7815635848
7716449203
7507512683
7387293076
7544429818
7801579582
7729065356
7454099751
7894712291
7928027005
7803091455
7423053910
7473497722
7749770946
7955293611
7951936660
7484811912
7955206423
7707036770
7871984940
7503149576
7951154724
7528831409
7743325829
7973545825
7972725600
7889026349
7955052031
7542448404
7847230269
7474011321
7965219403
7512056388
7710681391
7541492826
7957333853
7773674145
7496527161
7939349045
7718755339
7786655438
7944256987
7931976186
7872839265
7824165875
7932682076
7763668385
7795000770
7341849408
7790883154
7572506856
7488309364
7525730023
7753576230
7952853313
7597898978
7830830083
7492949633
7713716543
7762771318
7483875449
7539279372
7758770509
7809181142
7794654284
7925038343
7454354285
7841821841
7961015869
7979986327
7803061321
7902043830
7761286267
7758319656
7791360235
7772207421
7480251908
7535259442
7894347331
7811353923
7916634649
7948685167
7466836874
7404188091
7791639554
7500217217
7518707685
7990980605
7538856834
7480204000
7585857675
7761045909
7971832694
7463187531
7742889267
7445881376
7548755882
7858193412
7739507900
7581066206
7402796671
7493776311
7743502120
7818531835
7900861098
7377881165
7854639201
7891551906
7807387603
7760105350
7979734346
7392716387
7939524255
7801430390
7713131494
7432509666
7845101625
7723372945
7935012221
7909118066
7711283246
7737473558
7527178160
7462881107
7971385604
7772153459
7885516798
7983523148
7507345346
7596122981
7427034843
7926750800
7872812750
7564618381
7541981316
7903882948
7983145906
7742125017
7793075539
7914343776
7951484837
7985658481
7516768874
7933517516
7703795228
7954044774
7975797055
7712103580
7545651557
7517135580
7960868668
7849181507
7792670560
7800976611
7383704347
7999423304
7935915570
7484806364
7916591358
7963883232
7539427851
7465835138
7488295231
7988827847
7849631077
7843373648
7816196768
7823779019
7854136941
7534841997
7564626385
7851702002
7426401401
7729525307
7895582903
7904817070
7383988048
7875315240
7429155009
7507006887
7308879982
7927738452
7773043612
7976906775
7757906647
7891614090
7802758938
7873402870
7305085502
7923809058
7307943077
7734294765
7780993830
7453562947
7947525683
7464006554
7938384833
7740980174
7462155344
7446332553
7703188096
7810524698
7984973747
7946178992
7492435853
7512006701
7853144361
7487564695
7745587447
7909223350
7764861051
7535934831
7961079597
7920519565
7981179884
7894401197
7790601356
7880962501
7718941855
7828685243
7552910502
7502536710
7852358722
7447409541
7505201112
7866997686
7947506433
7535404484
7707815454
7506726200
7934915316
7469992042
7776304479
7803162296
7961265619
7837417505
7833498102
7875951972
7584934339
7397215927
7585339296
7594739126
7813888429
7771514095
7783221786
7773400124
7540331894
7798610000
7956339809
7999106655
7599532715
7475795292
7854369689
7415118946
7940258578
7467161287
7584025306
7983510390
7976750076
7770380886
7966368894
7465408854
7712237086
7436093112
7933189987
7512541257
7875571515
7413950055
7973960272
7523723955
7947307675
7713355615
7799961952
7410979857
7855037063
7581165970
7415677628
7711371332
7531048921
7443923087
7812447029
7826067647
7501282454
7805979824
7904842991
7926516215
7868722322
7540370909
7786629619
7944657442
7956497749
7368260514
7944842402
7494446792
7487656296
7583207545
7985667413
7776726499
7460722640
7845817248
7742444230
7563923147
7880604172
7985336948
7460809527
7487235376
7475589531
7583629090
7772994243
7474552224
7854025989
7714432311
7506709111
7752283116
7771365562
7528179044
7745368535
7376280704
7480151189
7459532812
7525024823
7554254871
7969777867
7912879491
7849252051
7814497905
7850758656
7817897737
7523642905
7435227487
7948722414
7470959931
7866548774
7519574890
7526658823
7853828740
7788151093
7403856847
7969262630
7846466633
7496598868
7731508304
7814583654
7467947892
7803811754
7528958937
7754186130
7541806226
7843182488
7855058931
7768661238
7803333922
7891116687
7723546050
7838892887
7703552235
7907518169
7740828908
7729314745
7494115233
7551758216
7851079048
7949590419
7307857217
7534331683
7983394434
7863174521
7752528879
7432123439
7805626654
7922608863
7792197095
7718976277
7869069575
7432406552
7496087168
7852305007
7724567286
7429452984
7888711794
7780008386
7506053275
7766131611
7880545331
7712093794
7496859643
7807081681
7484743175
7905137759
7549050480
7523779816
7909523823
7510103278
7375627484
7792552833
7459158161
7493114377
7930919808
7306308412
7423501003
7944163174
7722934680
7956827080
7460637571
7506673693
7703386941
7969967749
7703663882
7432096887
7940724071
7923518352
7986262335
7853991077
7821665502
7473139484
7539736249
7728880637
7725161448
7716790888
7800521359
7547745364
7966217831
7984285488
7907368219
7368661195
7526912649
7711072697
7980454532
7525293779
7488284864
7955449182
7878577509
7794217895
7305461562
7443900140
7376251454
7789863045
7870267610
7444992394
7929031231
7761055559
7951022577
7710582084
7531623452
7857315428
7849680937
7484346595
7450220416
7415682273
7910393235
7505008160
7837590605
7880531779
7931458984
7766754668
7908313436
7796016940
7944385428
7966547604
7546066068
7745333135
7553804101
7715341201
7853092071
7519316678
7534069029
7807205644
7581153266
7743665990
7540618248
7423384177
7914102819
7944111772
7826012803
7956125280
7838230722
7428251640
7553314532
7908021750
7708052410
7972877494
7538055431
7495365205
7522814581
7926117322
7432690729
7857685818
7938103003
7903897695
7825744062
7510369982
7870279813
7956149784
7557399573
7469735587
7964224916
7908715179
7935399846
7415517343
7940928999
7957661116
7861602381
7910743517
7802307909
7749374046
7852201329
7873707512
7884233075
7950558473
7943560190
7956353578
7974609419
7548029098
7854245285
7766515571
7478247815
7432453530
7528127217
7751419787
7446257978
7914720728
7947360601
7877766220
7706090874
7772419198
7980407396
7496957138
7896095827
7765403232
7969744848
7787082532
7889149976
7931880723
7514047385
7961542162
7778568834
7862279280
7885067840
7341859501
7474336064
7972676274
7969193003
7508374693
7999856352
7400299375
7810578577
7904360465
7721478994
7460325921
7756098449
7511030436
7368618242
7977546979
7947251113
7949933161
7990667547
7792643509
7963508957
7871883997
7935810465
7854373795
7989502499
7453275939
7801482324
7903952667
7886243793
7929754377
7923379001
7759544637
7525414190
7528804041
7467395425
7947730971
7896628939
7929879445
7983227507
7530513897
7958981579
7852544773
7792064414
7931564877
7841079299
7986976854
7768532989
7944691980
7887661705
7803536461
7814877827
7856713910
7495411024
7984340898
7584430866
7881424442
7946857884
7860494857
7979858969
7817796460
7510331721
7701317771
7956446478
7828185396
7799694683
7513209829
7903196867
7706855873
7743483793
7821488832
7920776367
7713849106
7772391479
7522614914
7488380772
7427278087
7548292639
7792571546
7890580690
7436131177
7418037587
7847577791
7398730758
7966525275
7944624093
7564925857
7708979910
7803821927
7555349809
7462736985
7841437092
7952024248
7787435597
7768105520
7925412764
7809113522
7521214233
7510241510
7841520098
7740555433
7786263184
7851362812
7716183686
7999596244
7846151849
7593718120
7791497914
7590589809
7783093362
7472614689
7932063170
7593392029
7886219383
7791526998
7977257803
7780810390
7547579493
7466344159
7792702904
7931078040
7956047653
7732046631
7816643866
7475032031
7482711544
7732415686
7834881120
7722587663
7974457984
7722112716
7742669975
7732388815
7772310372
7812901412
7460910225
7847329508
7962372021
7979440773
7435699980
7473917292
7831416015
7576550170
7756531062
7533379700
7984125175
7805172356
7947174902
7366808989
7377641457
7857434968
7813787272
7570098555
7472469528
7377363127
7743067809
7525640901
7764579021
7860680467
7758823856
7870575171
7727850432
7714307896
7807921109
7903148383
7471169789
7946734487
7891349449
7984187891
7307313388
7834707444
7704705223
7943500501
7534421915
7776833432
7741486734
7748937848
7999235808
7877747135
7527450935
7967551365
7753190635
7886692672
7566222988
7946880699
7947276165
7725941432
7746573484
7935224338
7854680579
7399872344
7954808835
7511376492
7483816379
7850460801
7539534444
7759470566
7484296943
7495067405
7931342127
7784478503
7572088477
7790839381
7481262632
7747408053
7507716061
7905573906
7429398428
7415888614
7890040406
7809691499
7415125534
7947455239
7506741977
7447752039
7779265007
7880947545
7496414366
7724033482
7718635476
7539619960
7899716636
7885287035
7719655974
7900464456
7958308138
7890570355
7904599421
7738995205
7801157160
7904141543
7801650070
7769225900
7971967423
7729866943
7766027558
7931553844
7712185328
7970935878
7761305390
7948351671
7950807643
7983565697
7958656313
7722951039
7891214200
7444857185
7521307694
7425374655
7742515522
7516437909
7481666595
7517072387
7743932706
7984656512
7828240871
7487647116
7794405369
7454555557
7710331248
7783607317
7570200879
7745171754
7912978361
7813570621
7432894032
7816992986
7753741315
7375367127
7710566004
7871186726
7488470447
7476009581
7826845574
7477287387
7498185573
7514148401
7722168876
7518099016
7943676697
7732857381
7480685456
7582856557
7967329489
7860211779
7507557068
7811463202
7557220765
7955246682
7553874173
7400603620
7834858142
7792258829
7792752233
7894514283
7752855371
7564212002
7432582224
7565965038
7931149333
7496145784
7957474830
7534159862
7719620112
7801241959
7496096694
7765662825
7760470410
7305774287
7760903006
7812566627
7512829397
7505910748
7718648779
7968450290
7985163216
7584326043
7588510301
7572615317
7581309514
7799148260
7989424948
7445983150
7591867605
7983300581
7989672891
7851609949
7867640548
7709668769
7999359199
7795547489
7949143038
7398577612
7460555793
7956812776
7538191937
7552844525
7496002540
7590406523
7985103994
7702557578
7885912899
7860634790
7783034575
7342695614
7860264713
7805121037
7947613758
7732647731
7852225443
7467510187
7539112764
7949255432
7535035125
7904541993
7526242366
7703534149
7846205651
7815742939
7946644769
7423014691
7853648352
7597561543
7903827669
7513337680
7801543529
7702034941
7504395141
7586866260
7807068327
7459046906
7414592064
7830838299
7507862309
7498624954
7549331702
7714248132
7368677053
7900954203
7805741738
7425826828
7809480599
7590035377
7596757350
7519732014
7811328328
7974831640
7495365871
7885698864
7864946635
7838095869
7445332477
7971759509
7932451366
7710686163
7703647667
7879647922
7493559562
7460859417
7951130480
7305277436
7429698972
7904973776
7507631009
7720885154
7403691798
7568056345
7972036460
7534881983
7944613246
7855049117
7398214346
7576239166
7480860569
7971780517
7817614095
7743771934
7907008112
7804674705
7712468976
7986625208
7581470110
7593595972
7966640188
7799134948
7494070266
7311678877
7535447595
7704079913
7956635471
7928928321
7964023220
7980096146
7502723136
7850306446
7983530487
7954230215
7900197526
7399157710
7789280210
7528960545
7842963238
7974805597
7725612477
7887732999
7956896126
7543825744
7946487351
7869408842
7943552447
7860849052
7925236430
7931840318
7531732865
7949188244
7561863148
7949429785
7862737965
7713751856
7521923310
7494326704
7488268145
7985745237
7925309111
7864083642
7947362363
7432152207
7932722769
7508744208
7763134269
7538729811
7957552620
7854841163
7984538725
7565633069
7791991838
7311195846
7805414443
7884251948
7876233935
7934683250
7595350276
7427022114
7551368929
7814397029
7970850364
7713457789
7999358412
7966012467
7957197404
7530002392
7931677145
7743198529
7713597185
7801897995
7852177796
7802652524
7518820923
7789759915
7764454407
7497801389
7554446382
7718252306
7368256785
7541016205
7863555902
7818569319
7488245379
7922360333
7791466160
7711252061
7488710155
7860872080
7949824532
7376635958
7950088233
7723350330
7928672235
7930825875
7444614482
7901545364
7920433640
7487599408
7415476762
7960688441
7591536677
7412080980
7435148594
7773754198
7980145668
7377714190
7971323675
7400320902
7762631915
7881683936
7866656053
7482246626
7706799938
7850331301
7834808763
7984667021
7970267568
7973670675
7411297097
7966180749
7557808383
7897433889
7446579445
7808761821
7946134990
7375299137
7837501934
7542938858
7968797805
7548167000
7969099824
7813386351
7794781939
7879835845
7305863099
7920323050
7773995956
7495826919
7400833447
7702187116
7917030651
7876809098
7399287680
7786242399
7716949167
7805994952
7939176315
7814820591
7889832280
7908573776
7809411881
7791251196
7538115386
7909516116
7756018272
7952646389
7838160637
7555705516
7939423800
7508634606
7557372509
7584010814
7925217766
7799613407
7427414710
7599413999
7857061911
7496677271
7943450115
7463937398
7480524507
7745908853
7966026729
7476939275
7722555980
7491101717
7929351195
7464633876
7508035319
7715601040
7896839469
7906541860
7980253404
7702151276
7527105355
7497405877
7966331180
7745109456
7840842780
7713385863
7783474173
7305068021
7943516323
7872890549
7811944081
7801384553
7767400765
7779421390
7818030936
7939223995
7599270122
7713563221
7779489422
7516706185
7517921582
7925757069
7748494968
7954247095
7525743306
7794309854
7551456939
7881771531
7974727825
7891058394
7954408763
7531905556
7925537531
7305004749
7793030167
7521655992
7972214946
7900835581
7546531795
7534732102
7887514822
7969672798
7771113440
7920225531
7879529119
7387870647
7391779500
7944977277
7885427026
7488300522
7881291218
7956190699
7891603018
7817145317
7947590339
7538529219
7368434754
7398568598
7583109474
7506856804
7772502310
7448926977
7769866199
7792925088
7791004456
7725052072
7474444271
7933309512
7479890732
7475081632
7903475644
7799245504
7861703672
7383311364
7889869878
7941328166
7946641817
7914385748
7813958108
7517049770
7788291927
7493771017
7463604603
7469399245
7546628619
7496924426
7952566413
7921483048
7513827228
7908498952
7395555515
7940112233
7960026365
7597853396
7830435461
7397040710
7814727557
7415818418
7940219850
7940194674
7831968540
7733223927
7563693237
7342970013
7496154416
7753255409
7720238045
7546811056
7746946797
7818846801
7920397009
7719379089
7815196053
7724444790
7999584244
7963360690
7985656226
7585590911
7826445561
7563040514
7712203088
7772656850
7706487271
7740707580
7950653038
7933697011
7902964089
7341059311
7927066814
7963762055
7969606536
7932765457
7891384871
7753936702
7966412936
7562165430
7402564636
7891709816
7517672205
7940331202
7912383606
7977151140
7840968168
7736869744
7901334331
7921513916
7917523627
7733363762
7979757615
7969857889
7816912717
7812691538
7900685782
7743916888
7860625671
7741496334
7738473980
7780964124
7949152432
7855330940
7917167347
7847685443
7447912963
7840329041
7864325274
7545869251
7957942055
7725037310
7772774469
7528704184
7967043115
7856617400
7487692378
7467023150
7770769413
7711841807
7455560160
7516743729
7572053722
7881588538
7415658943
7881928324
7812995952
7801459301
7946765922
7927318236
7557529969
7865373919
7711212174
7561453125
7905585326
7786778275
7733530103
7402244949
7506937940
7760700496
7890915623
7999510451
7969323396
7562759860
7984268502
7432244304
7532877766
7883087382
7776286049
7387152829
7561238773
7549112922
7938484668
7512673099
7517019701
7535028319
7707745336
7926243596
7981252971
7722826576
7521162772
7977419806
7919303684
7919066283
7795962847
7562695246
7889655063
7724804896
7751206590
7882670732
7452812773
7854082146
7863823165
7977474706
7515692104
7902001685
7904303630
7895316175
7425915818
7767369765
7837673827
7576707616
7399071476
7624497827
7811194399
7593612015
7884445868
7368310514
7377614307
7565896667
7759322681
7775343092
7791622789
7566214944
7427606677
7821219266
7852513016
7926979896
7563905666
7956882252
7827966393
7931744514
7784638043
7858588730
7478491414
7708622305
7956515015
7746407055
7874254381
7903708647
7790254798
7873914055
7398350615
7802772759
7465749291
7840785319
7973764199
7902797789
7818610319
7925218074
7887424288
7554708798
7377327991
7791249192
7543523041
7903550059
7827911375
7597054433
7946342532
7443270584
7789847889
7786737356
7817914472
7967274717
7490994189
7828722811
7989784656
7864837249
7951711200
7785794156
7398866624
7941103264
7951719240
7899307741
7563554055
7448026200
7940453683
7907113767
7939059541
7760886739
7792866364
7908400329
7393628647
7931303489
7565515132
7547929359
7590392215
7957723394
7951754255
7828815400
7974669239
7855337080
7474970066
7539349887
7935695363
7717134048
7429703273
7541138125
7796300689
7505398598
7949061331
7967719426
7789740250
7532046510
7707074786
7976411947
7842873862
7895849625
7534143938
7834816137
7957001008
7921556244
7725556050
7398250407
7809153702
7776419367
7834239816
7947117189
7707618329
7471912646
7478612545
7904168274
7456000572
7485697460
7539232797
7926327722
7519176879
7548799442
7887756956
7838953193
7552329040
7535649382
7807456902
7530754078
7999305217
7403101562
7961209722
7949678052
7867276450
7864556042
7866963382
7939377507
7734928551
7768668564
7770229798
7877647858
7707016425
7793798510
7508065200
7719242795
7933090525
7527694794
7842071752
7707983873
7958507669
7917696653
7930679212
7710406187
7957101426
7761999758
7710527885
7967300146
7983259785
7516031205
7411201778
7759046820
7466044481
7956166654
7856159376
7432435604
7889737765
7788438064
7795275403
7723071052
7429363631
7404562853
7547667684
7468594125
7940915122
7944520825
7972122335
7538598443
7525091700
7578137539
7449482911
7940512907
7592674007
7950338639
7745929536
7783660322
7921871728
7956160293
7979101828
7818230251
7483843272
7867499736
7919122759
7542660550
7858177796
7721986058
7403672348
7521483771
7493133550
7837939382
7860538748
7984702434
7713584316
7447942709
7763791665
7487735494
7951127703
7523067503
7905176317
7960382285
7718617014
7534987148
7938004770
7748830805
7847909785
7581082689
7476061663
7720937151
7931187966
7837765182
7873894812
7763580967
7542140708
7473103462
7909616259
7957363722
7543363149
7495325527
7716923838
7798550559
7594854028
7983455231
7707293943
7745922636
7464288430
7912848102
7508985804
7936775908
7540411621
7506097853
7800604668
7980312133
7311833530
7770986291
7949495151
7846218303
7534694948
7803573431
7506040989
7507036907
7890184915
7841499667
7852414354
7889467766
7399092038
7808813298